27 26
-2 0 0 -2 -2 -2 -2 -2 -2 -2 -2 -2 -2 -2 -2 -2 -2 -2 -2 -2 -2 -2 -2 -2 -2 -1
-2 1 1 -2 -2 -2 -2 -2 -2 -1 -2 -2 -2 -2 -2 -2 -2 -2 -2 -2 -2 -2 -2 -2 -2 -2
2 -2 -2 -2 -2 -2 -2 -2 -2 3 -2 -2 -2 -2 -2 -2 -2 -2 -2 -2 -2 -2 -2 -2 -2 -2
-1 4 4 -2 -2 -2 -2 -2 -2 -1 -2 -2 -2 -2 -2 -2 -2 -2 -2 -2 -2 -2 -2 -2 -2 -2
-2 5 5 -1 -1 -1 -1 -1 -1 -2 -1 -1 -1 -2 -2 -2 -2 -2 -2 -2 -2 -2 -2 -2 -2 -2
-2 6 7 -1 -2 -2 -2 -2 -2 -2 -2 -2 -2 -2 -2 -2 -2 -2 -2 -2 -2 -2 -2 -2 -2 -2
-2 -2 -2 8 -2 -2 -2 -2 -2 -2 -1 -2 -2 -2 -2 -2 -2 -2 -2 -2 -2 -2 -2 -2 -2 -2
9 -2 -2 -2 -2 -2 -2 -2 -2 -2 10 -2 -2 -2 -2 -2 -2 -2 -2 -2 -2 -2 -2 -2 -2 -2
-2 16 16 13 13 11 12 -1 13 -2 17 14 15 -1 -2 -2 -2 -2 -2 -2 -2 -2 -2 -2 -2 -2
-2 -1 -1 -1 -1 18 -1 -1 -1 -2 -1 -2 -2 -1 -2 -2 -2 -2 -2 -2 -2 -2 -2 -2 -2 -2
-2 -2 -2 19 19 -2 -2 -2 19 20 20 -2 -2 -2 -2 -2 -2 -2 -2 -2 -2 -2 -2 -2 -2 -2
-2 -1 -1 -1 -1 -1 21 -1 -1 -2 -1 -1 -1 -2 -1 -2 -2 -2 -2 -2 -2 -2 -2 -2 -2 -2
-2 -1 -1 -1 -1 -1 -1 -1 -1 -2 -1 22 -2 -1 -1 -1 -1 -1 -1 -1 -1 -1 -1 -1 -1 -1 
-2 24 24 24 24 24 24 24 24 24 24 24 -2 24 24 24 24 -2 -2 -2 -2 -2 -2 -2 -2 -2
-2 -1 -1 -1 -1 -1 -1 -1 -1 -1 -1 -1 -2 -1 -1 25 -1 -2 -2 -2 -2 -2 -2 -2 -2 -1
-2 26 26 26 26 26 26 -2 26 -2  26 26 26 27 -2 -2 -2 -2 -2 -2 -2 -2 -2 -2 -2 -1
-2 -2 -2 31 32 -2 -2 -2 32 -1 -1 -2 -2 -2 -2 -2 -2 -2 -2 -2 -2 -2 -2 -2 -2 -2
-2 28 28 28 28 28 28 -2 28 -2 28 28 28 -2 -2 -2 -2 -2 -2 -2 -2 -2 -2 -2 -2 -2
-2 29 29 29 29 29 29 -2 29 -2 29 29 29 30 -2 -2 -2 -2 -2 -2 -2 -2 -2 -2 -2 -2
-2 -2 -2 33 33 -2 -2 -2 33 -1 -1 -2 -2 -2 -2 -2 -2 -2 -2 -2 -2 -2 -2 -2 -2 -2
-2 -2 -2 -2 -2 -2 -2 -2 -2 36 36 -2 -2 -2 35 35 35 35 35 35 35 -2 -2 -2 -2 -2
-2 -2 -2 -1 -1 -2 -2 -2 -1 -2 -2 -2 -2 -2 36 39 40 38 37 41 43 -2 -2 -2 -2 -2
-2 -2 -2 43 43 -2 -2 -2 43 -1 -1 -2 -2 -2 -1 -1 -1 -1 -1 -1 -1 -2 -2 -2 -2 -2
-2 -2 -2 -2 -2 -2 -2 -2 -2 46 46 -2 -2 -2 46 46 46 46 46 46 46 44 45 -2 -2 -2
-2 -2 -2 47 47 -2 -2 -2 47 -2 -2 -2 -2 -2 -1 -1 -1 -1 -1 -1 -1 -1 -1 -2 -2 -2
-2 -2 -2 -2 -2 -2 -2 -2 -2 50 50 -2 -2 -2 50 50 50 50 50 50 50 50 50 48 49 -2
-2 -2 -2 52 53 -2 -2 -2 51 -1 -1 -2 -2 -2 -1 -1 -1 -1 -1 -1 -1 -1 -1 -1 -1 -2