 1 3 2 0 15 19 20 22 29 30 32 36 34 38 9 10 16 13 11 12 0 51
1 1 2 0 0 0 0 0 0 0 0 0 0 0 0 0 0 0 0 0 0 51
2 2 2 0 0 0 0 0 0 0 0 0 0 0 0 0 0 0 0 0 0 50
0 3 0 6 0 0 0 0 0 0 0 0 0 0 0 0 0 0 0 0 4 50
0 5 0 0 0 0 0 0 0 0 0 0 0 0 0 0 0 0 0 0 0 51
0 5 0 6 0 0 0 0 0 0 0 0 0 0 0 0 0 0 0 0 0 50
0 8 0 0 0 0 0 0 0 0 7 7 0 0 0 0 0 0 0 0 0 51
0 8 0 0 0 0 0 0 0 0 0 0 0 0 0 0 0 0 0 0 0 51
0 8 0 0 0 0 0 0 0 0 0 0 0 0 0 0 0 0 0 0 0 50
0 0 0 0 0 0 0 0 0 0 0 0 0 0 0 0 0 0 0 0 0 50
0 0 0 0 0 0 0 0 0 0 0 0 0 0 0 0 0 0 0 0 0 50
0 0 0 0 0 0 0 0 0 0 0 0 0 0 0 0 0 0 0 0 0 50
0 0 0 0 0 0 0 0 0 0 0 0 0 0 0 0 0 0 0 0 0 50
0 0 0 0 0 0 0 0 0 0 0 0 0 0 0 0 0 14 0 0 0 50
0 0 0 0 0 0 0 0 0 0 0 0 0 0 0 0 0 0 0 0 0 50
0 0 0 0 0 0 0 0 0 0 0 0 0 0 0 0 0 0 0 0 0 50
0 0 0 0 0 0 0 0 0 0 0 0 0 0 0 0 18 17 0 0 0 50
0 0 0 0 0 0 0 0 0 0 0 0 0 0 0 0 0 0 0 0 0 50
0 0 0 0 0 0 0 0 0 0 0 0 0 0 0 0 0 0 0 0 0 50
0 0 0 0 0 0 0 0 0 0 0 0 0 0 0 0 0 0 0 0 0 50
0 0 0 0 0 0 0 21 0 0 0 0 0 0 0 0 0 0 0 0 0 51
0 0 0 0 0 0 0 0 0 0 0 0 0 0 0 0 0 0 0 0 0 50
0 0 0 0 0 0 0 23 0 0 24 0 0 27 0 0 25 26 0 0 0 51
0 0 0 0 0 0 0 0 0 0 0 0 0 0 0 0 0 0 0 0 0 50
0 0 0 0 0 0 0 0 0 0 0 0 0 0 0 0 0 0 0 0 0 50
0 0 0 0 0 0 0 0 0 0 0 0 0 0 0 0 0 0 0 0 0 50
0 0 0 0 0 0 0 0 0 0 0 0 0 0 0 0 0 0 0 0 0 50
0 0 0 0 0 0 0 28 0 0 0 0 0 0 0 0 0 0 0 0 0 51
0 0 0 0 0 0 0 0 0 0 0 0 0 0 0 0 0 0 0 0 0 50
0 0 0 0 0 0 0 0 0 0 0 0 0 0 0 0 0 0 0 0 0 50
0 0 0 0 0 0 0 0 0 31 0 0 0 0 0 0 0 0 0 0 0 51
0 0 0 0 0 0 0 0 0 0 0 0 0 0 0 0 0 0 0 0 0 50
0 3 0 0 0 0 0 0 0 0 33 0 0 0 0 0 0 0 0 0 0 51
0 0 0 0 0 0 0 0 0 0 0 0 0 0 0 0 0 0 0 0 0 50
0 0 0 0 0 0 0 0 0 0 0 0 35 0 0 0 0 0 0 0 0 51
0 0 0 0 0 0 0 0 0 0 0 0 0 0 0 0 0 0 0 0 0 50
0 3 0 0 0 0 0 0 0 0 0 37 0 0 0 0 0 0 0 0 0 51
0 0 0 0 0 0 0 0 0 0 0 0 0 0 0 0 0 0 0 0 0 50
0 0 0 0 0 0 0 0 0 0 0 0 0 39 0 0 0 0 0 0 0 50
0 0 0 0 0 0 0 0 0 0 0 0 0 0 0 0 0 0 0 0 0 50