-1 -1 -1 -1 -1 1 1 -1 -1 -1 -1 -1 -1 -1 -1 -1 -1 -1 -1 -1 -1 -1 -1 -2
-1 -1 -2 -1 -1 2 2 -1 -1 -1 -1 -1 -1 -1 -1 -1 -1 -1 -1 -1 -1 -1 -1 -1
-1 -1 4 3 -1 -1 -1 -1 -1 -1 -1 -1 -1 -1 -1 -1 -1 -1 -1 -1 -1 -1 -1 -1
-1 -1 -2 -2 -1 5 5 -1 -1 -1 -1 -1 -1 -1 -1 -1 -1 -1 -1 -1 -1 -1 -1 -1
-2 -2 -1 -1 -2 6 6 -2 -2 -2 -2 -2 -2 -1 -1 -1 -1 -1 -1 -1 -1 -1 -2 -1
-2 -1 -1 -1 -1 7 8 -1 -1 -1 -1 -1 -1 -1 -1 -1 -1 -1 -1 -1 -1 -1 -1 -1
9 -1 -1 -1 -2 -1 -1 -1 -1 -1 -1 -1 -1 -1 -1 -1 -1 -1 -1 -1 -1 -1 -1 -1
-1 -1 -1 10 11 -1 -1 -1 -1 -1 -1 -1 -1 -1 -1 -1 -1 -1 -1 -1 -1 -1 -1 -1 
14 14 -1 -1 18 17 17 12 13 15 -2 16 -2 -1 -1 -1 -1 -1 -1 -1 -1 -1 14 -1
-2 -2 -1 -1 -2 -2 -2 19 -2 -2 -2 -2 -2 -1 -1 -1 -1 -1 -1 -1 -1 -1 -2 -1
20 20 21 -1 21 -1 -1 -1 -1 -1 -1 -1 -1 -1 -1 -1 -1 -1 -1 -1 -1 -1 20 -1
-2 -2 -1 -1 -2 -2 -2 -2 22 -2 -2 -2 -2 -1 -1 -1 -1 -1 -1 -1 -1 -1 -2 -1
-2 -2 -1 -1 -2 -2 -2 -2 -2 23 -2 -2 -2 -1 -1 -1 -1 -1 -1 -1 -1 -1 -2 -1
25 25 -1 -1 25 25 25 25 25 25 24 25 25 -1 -1 -1 -1 -1 -1 -1 -1 -1 25 -1
-2 -2 -1 -1 -2 -2 -2 -2 -2 -2 -2 26 -2 -1 -1 -1 -1 -1 -1 -1 -1 -1 -2 -2
27 27 -1 -1 27 27 27 27 27 27 -1 27 27 -1 -1 -1 -1 -1 -1 -1 -1 -1 27 -1
28 28 -1 -1 28 28 28 28 28 28 -1 28 29 -1 -1 -1 -1 -1 -1 -1 -1 -1 28 -1
30 30 -2 -1 -2 -1 -1 -1 -1 -1 -1 -1 -1 -1 -1 -1 -1 -1 -1 -1 -1 -1 30 -1
31 31 -2 -1 -2 -1 -1 -1 -1 -1 -1 -1 -1 -1 -1 -1 -1 -1 -1 -1 -1 -1 31 -1
-1 32 32 -1 33 -1 -1 -1 -1 -1 -1 -1 -1 32 32 32 32 32 -1 -1 -1 -1 -1 -1
-2 35 36 -1 -1 -1 -1 -1 -1 -1 -1 -1 -1 34 37 38 39 40 -1 -1 -1 -1 -2 -1
41 41 -2 -1 -2 -1 -1 -1 -1 -1 -1 -1 -1 -2 -2 -2 -2 -2 -1 -1 -1 -1 41 -1
-1 44 44 -1 44 -1 -1 -1 -1 -1 -1 -1 -1 44 44 44 44 44 42 43 -1 -1 -1 -1
45 45 -2 -1 -2 -1 -1 -1 -1 -1 -1 -1 -1 -2 -2 -2 -2 -2 -2 -2 -1 -1 45 -1
-1 48 48 -1 48 -1 -1 -1 -1 -1 -1 -1 -1 48 48 48 48 48 48 48 46 47 -1 -1
50 49 -2 -1 -2 -1 -1 -1 -1 -1 -1 -1 -1 -2 -2 -2 -2 -2 -2 -2 -2 -2 51 -1